   1.1001100e-03
   1.1001100e-03
   1.1001100e-03
   1.1001100e-03
   1.1001100e-03
   1.1001100e-03
   1.1001100e-03
   1.1001100e-03
   1.1001100e-03
   1.1001100e-03
   1.1001100e-03
   1.1001100e-03
   1.2001200e-03
   1.2001200e-03
   1.2001200e-03
   1.2001200e-03
   1.2001200e-03
   1.2001200e-03
   1.2001200e-03
   1.3001300e-03
   1.3001300e-03
   1.3001300e-03
   1.3001300e-03
   1.3001300e-03
   1.4001400e-03
   1.4001400e-03
   1.4001400e-03
   1.5001500e-03
   1.5001500e-03
   1.5001500e-03
   1.5501550e-03
   1.5501550e-03
   1.6501650e-03
   1.6501650e-03
   1.7501750e-03
   1.7501750e-03
   1.8001800e-03
   1.8001800e-03
   1.9001900e-03
   2.0002000e-03
   2.0502050e-03
   2.1502150e-03
   2.2502250e-03
   2.3502350e-03
   2.4502450e-03
   2.5002500e-03
   2.7002700e-03
   2.8002800e-03
   2.9002900e-03
   3.1003100e-03
   3.2503250e-03
   3.5503550e-03
   3.7003700e-03
   4.1004100e-03
   4.3504350e-03
   4.6004600e-03
   4.9004900e-03
   5.2005201e-03
   5.9505951e-03
   6.0006001e-03
   6.5006501e-03
   7.0007001e-03
   7.1007101e-03
   7.7007701e-03
   7.8007801e-03
   8.5508551e-03
   8.6008601e-03
   9.5509551e-03
   9.6509651e-03
   9.7009701e-03
   1.0951095e-02
   1.1001100e-02
   1.2651265e-02
   1.2751275e-02
   1.2801280e-02
   1.2801280e-02
   1.5251525e-02
   1.5501550e-02
   1.8751875e-02
   1.8901890e-02
   1.8901890e-02
   2.4902490e-02
   2.4902490e-02
